24752
8074
15403
18218
12925
10555
19094
15862
20069
22560
23908
1978
2234
22000
20438
21995
2310
1017
2305
22806
24043
21817
24734
30269
31354
21143
2830
2912
2526
12428
14419
21610
31503
19110
21129
20431
12899
18417
22084
21148
20434
22086
10680
10372
21445
30807
15612
24792
21985
21998
15866
15613
8698
19193
16199
23699
9911
23107
17135
8040
30266
19386
21838
12609
20439
20436
22557
16587
22081
19356
18384
22062
2632
22468
3127
13544
7280
22567
6476
23308
8706
13153
21841
20440
21140
23158
2335
2209
20022
10161
22004
24751
15939
21863
23035
15608
23149
21815
9528
22536
21837
15934
21149
30268
17534
17031
2069
22088
15938
8442
24473
21999
22080
23795
12670
15937
19586
21075
18330
19360
14412
2405
21126
20018
16766
12652
15746
12602
22087
21151
16742
16084
8475
19404
22462
22582
8431
19403
22043
3101
19877
21635
19401
15611
7868
22059
23851
21124
7881
7865
22085
24750
19359
10152
12621
21997
22469
7871
22082
3140
22079
7860
2530
13026
24771
18419
3177
2994
13309
19363
19364
7158
15861
23300
15865
16341
12915
14812
7618
24769
12689
2340
8501
22352
19358
18328
12600
6169
8073
15609
8477
16340
10166
22068
9406
10204
1176
19600
19400
2101
2229
31282
12632
22061
15863
7874
19361
22049
15713
23747
22750
21747
2344
15942
7877
9684
15616
9480
21621
12687
15712
24042
3003
8056
22531
21141
12653
20433
21842
9529
2823
21836
21814
2106
31301
8476
19357
2878
1932
10985
23157
2634
3159
21994
2987
12692
21073
2856
30270
23775
22530
23022
8877
22065
19402
15558
22083
21127
21809
29688
18399
24422
9527
31547
6718
22078
10202
10442
2574
22747
8712
2197
2974
2397
23109
8707
15615
15032
8433
11139
23105
21059
12699
22002
20374
18342
8438
17533
21134
3083
13092
16197
21631
22003
8713
23110
24748
11079
23143
3914
13303
30267
23156
21154
16210
15614
21138
23033
22001
18344
15864
15711
18345
22572
23751
17937
21816
8690
29975
22067
2611
10440
31407
31409
3135
5314
23155
22637
22533
18329
19354
19384
9681
21074
21130
23407
21443
2758
1970
9479
2505
24746
14814
13243
22113
22111
